255 255 255 255
255 253 253 253
255 251 251 251
255 249 249 249
255 247 247 247
255 245 245 245
255 243 243 243
255 241 241 241
255 239 239 239
255 237 237 237
255 235 235 235
255 233 233 233
255 231 231 231
255 229 229 229
255 227 227 227
255 225 225 225
255 223 223 223
255 221 221 221
255 219 219 219
255 217 217 217
255 215 215 215
255 213 213 213
255 211 211 211
255 209 209 209
255 207 207 207
255 205 205 205
255 203 203 203
255 201 201 201
255 199 199 199
255 197 197 197
255 195 195 195
255 193 193 193
255 191 191 191
255 189 189 189
255 187 187 187
255 185 185 185
255 183 183 183
255 181 181 181
255 179 179 179
255 177 177 177
255 175 175 175
255 173 173 173
255 171 171 171
255 169 169 169
255 167 167 167
255 165 165 165
255 163 163 163
255 161 161 161
255 159 159 159
255 157 157 157
255 155 155 155
255 153 153 153
255 151 151 151
255 149 149 149
255 147 147 147
255 145 145 145
255 143 143 143
255 141 141 141
255 139 139 139
255 137 137 137
255 135 135 135
255 133 133 133
255 131 131 131
255 129 129 129
255 126 126 126
255 124 124 124
255 122 122 122
255 120 120 120
255 118 118 118
255 116 116 116
255 114 114 114
255 112 112 112
255 110 110 110
255 108 108 108
255 106 106 106
255 104 104 104
255 102 102 102
255 100 100 100
255  98  98  98
255  96  96  96
255  94  94  94
255  92  92  92
255  90  90  90
255  88  88  88
255  86  86  86
255  84  84  84
255  82  82  82
255  80  80  80
255  78  78  78
255  76  76  76
255  74  74  74
255  72  72  72
255  70  70  70
255  68  68  68
255  66  66  66
255  64  64  64
255  62  62  62
255  60  60  60
255  58  58  58
255  56  56  56
255  54  54  54
255  52  52  52
255  50  50  50
255  48  48  48
255  46  46  46
255  44  44  44
255  42  42  42
255  40  40  40
255  38  38  38
255  36  36  36
255  34  34  34
255  32  32  32
255  30  30  30
255  28  28  28
255  26  26  26
255  24  24  24
255  22  22  22
255  20  20  20
255  18  18  18
255  16  16  16
255  14  14  14
255  12  12  12
255  10  10  10
255   8   8   8
255   6   6   6
255   4   4   4
255   2   2   2
255   0   0   0
255   9   0   0
255  16   0   2
255  24   0   4
255  31   0   6
255  38   0   8
255  45   0  10
255  53   0  12
255  60   0  14
255  67   0  17
255  74   0  19
255  82   0  21
255  89   0  23
255  96   0  25
255 103   0  27
255 111   0  29
255 118   0  31
255 120   0  36
255 121   0  41
255 122   0  46
255 123   0  51
255 124   0  56
255 125   0  61
255 126   0  66
255 127   0  71
255 128   1  76
255 129   1  81
255 130   1  86
255 131   1  91
255 132   1  96
255 133   1 101
255 134   1 106
255 135   1 111
255 136   1 116
255 136   1 121
255 137   2 125
255 137   2 130
255 137   3 135
255 138   3 139
255 138   3 144
255 138   4 149
255 139   4 153
255 139   5 158
255 139   5 163
255 140   5 167
255 140   6 172
255 140   6 177
255 141   7 181
255 141   7 186
255 137  10 189
255 132  13 191
255 127  16 194
255 121  19 196
255 116  22 198
255 111  25 200
255 106  28 203
255 101  31 205
255  95  34 207
255  90  37 209
255  85  40 212
255  80  43 214
255  75  46 216
255  69  49 218
255  64  52 221
255  59  55 223
255  49  57 224
255  47  60 225
255  44  64 226
255  42  67 227
255  39  71 228
255  37  74 229
255  34  78 230
255  32  81 231
255  29  85 231
255  27  88 232
255  24  92 233
255  22  95 234
255  19  99 235
255  17 102 236
255  14 106 237
255  12 109 238
255  12 112 239
255  12 116 240
255  12 119 240
255  12 123 241
255  12 127 241
255  12 130 242
255  12 134 242
255  12 138 243
255  13 141 243
255  13 145 244
255  13 149 244
255  13 152 245
255  13 156 245
255  13 160 246
255  13 163 246
255  13 167 247
255  13 171 247
255  14 175 248
255  15 178 248
255  16 182 249
255  18 185 249
255  19 189 250
255  20 192 250
255  21 196 251
255  22 199 251
255  23 203 252
255  24 206 252
255  25 210 253
255  27 213 253
255  28 217 254
255  29 220 254
255  30 224 255
255  39 227 255
255  53 229 255
255  67 231 255
255  81 233 255
255  95 234 255
255 109 236 255
255 123 238 255
255 137 240 255
255 151 242 255
255 165 244 255
255 179 246 255
255 193 248 255
255 207 249 255
255 221 251 255
255 235 253 255
255  24 255 255
